Tracy McGrady 10 10 20 40 20 42 70 47 85 32 50 45 45 41 13 64 52 52 58 56 72 43 74 49 85 33 93 75 60 44 13 72 62 54 72 70 78 75 95 65 75 95 99 65 85 99
Paul Pierce 5 10 10 50 25 42 72 50 85 35 73 54 43 52 13 60 61 49 67 62 70 42 81 52 85 37 87 72 49 54 13 80 71 49 78 78 75 85 95 99 80 90 99 70 85 99
Antawn Jamison 3 35 10 42 10 39 75 50 85 32 64 38 45 70 12 67 73 35 55 57 60 41 75 50 85 32 83 38 52 77 12 80 83 40 66 68 63 85 85 50 55 70 99 65 80 99
Jason Terry 5 0 10 55 30 41 77 43 85 34 56 62 58 34 8 65 41 35 61 58 62 43 85 45 85 37 78 72 64 38 8 73 44 35 68 68 73 75 75 90 85 85 99 70 90 99
Shawn Marion 5 25 10 45 15 44 81 50 85 30 54 43 57 67 8 63 60 55 62 67 66 46 84 52 85 33 77 47 62 78 8 72 73 57 77 82 73 65 80 85 80 90 99 65 90 99
Larry Hughes 5 5 20 50 20 39 78 48 85 30 62 50 45 45 13 62 43 48 70 58 60 39 78 48 85 32 75 56 50 55 13 77 53 52 85 76 71 45 85 60 55 80 99 40 85 99
Mike Bibby 0 0 25 55 20 42 76 51 85 36 71 72 70 41 9 60 43 33 67 57 75 43 81 51 85 37 74 76 74 41 9 75 43 33 74 60 87 65 70 70 50 70 99 60 80 99
Milan Gurovic 5 15 20 40 20 44 76 50 85 35 58 46 54 45 8 70 54 44 72 70 65 45 80 50 85 36 73 50 56 46 8 70 57 44 75 73 65 65 80 10 60 95 99 65 80 99
Earl Boykins 0 0 20 40 40 40 84 40 85 35 44 52 70 30 7 67 30 10 44 45 77 42 87 40 85 40 73 71 82 30 7 72 30 10 47 45 77 70 65 70 65 65 99 70 85 99
Michael Dickerson 5 0 10 50 35 43 80 46 85 38 58 51 55 40 8 57 40 35 60 57 88 43 80 49 85 40 72 59 60 44 8 60 43 39 64 60 88 60 75 48 50 75 99 35 95 99
Al Harrington 10 10 20 55 5 42 74 49 85 28 30 30 30 35 10 50 35 35 45 50 44 42 74 49 85 28 72 41 44 65 10 75 60 39 59 65 64 60 50 51 50 79 99 50 78 99
Korleone Young 5 15 15 50 15 38 56 43 85 28 30 30 43 34 7 45 37 33 46 52 43 45 63 50 85 32 71 45 56 52 7 45 57 56 52 68 57 30 90 1 99 99 99 30 45 99
Rafer Alston 0 0 20 35 45 36 65 40 85 33 30 62 60 35 7 50 35 33 45 55 50 42 74 50 85 37 71 70 78 35 7 60 45 33 70 73 75 60 55 60 40 55 99 70 95 99
Ricky Davis 10 4 16 56 14 40 74 50 85 35 10 35 35 35 11 50 35 35 60 50 70 40 74 50 85 35 70 53 49 45 11 75 53 37 70 60 80 60 75 45 30 85 99 70 70 99
Cuttino Mobley 5 0 20 50 25 40 84 55 85 37 50 30 30 30 7 50 30 30 55 50 50 40 84 55 85 37 68 50 48 40 7 75 55 39 65 70 95 60 70 49 50 75 99 65 76 99
Raef LaFrentz 5 25 5 40 25 43 70 53 85 37 59 37 66 65 11 60 63 58 54 60 56 44 70 54 85 38 67 37 68 74 11 60 76 69 54 62 56 90 85 60 70 80 99 60 85 99
Mehmet Okur 5 30 5 40 20 39 67 47 85 33 30 33 42 52 11 55 48 47 45 53 58 42 85 50 85 37 66 43 58 67 11 72 78 52 50 77 67 55 75 20 45 65 99 65 85 99
Tim Thomas 5 10 10 50 25 43 74 47 85 36 54 47 43 53 7 64 62 36 56 66 67 43 74 49 85 37 65 54 48 57 7 64 62 40 63 74 74 70 65 75 60 75 99 70 85 99
Miles Simon 5 0 20 40 35 40 75 45 85 34 46 48 53 35 4 73 33 30 44 50 63 42 79 45 85 37 64 55 58 35 4 75 34 30 56 60 69 65 45 90 95 75 99 65 70 99
Pat Garrity 2 2 6 45 45 43 80 49 85 41 48 40 40 40 5 50 40 38 55 50 45 43 80 49 85 41 63 40 45 55 5 60 58 38 55 50 55 70 54 70 50 55 99 50 78 99
Matt Harpring 5 10 30 40 15 40 76 57 85 30 50 40 41 60 14 50 50 33 54 50 60 40 76 57 85 30 60 43 51 75 14 70 70 33 54 76 68 70 65 70 60 80 99 70 85 99
Ruben Patterson 10 20 35 25 10 23 65 54 85 21 40 35 40 50 17 50 40 38 48 50 44 23 65 54 85 21 60 40 50 58 17 70 43 38 63 85 54 80 65 48 50 70 99 45 75 99
Roshown McLeod 2 3 15 68 12 38 85 50 85 27 50 35 35 37 7 50 37 33 48 50 65 39 87 52 85 32 59 40 47 48 7 50 47 33 50 50 68 60 50 60 50 50 99 60 25 99
Andy Betts 5 55 0 40 0 37 57 48 85 10 40 38 43 53 8 60 58 50 36 53 56 38 64 48 85 10 59 44 48 74 8 60 67 60 40 65 78 35 75 45 70 95 99 65 80 99
Felipe Lopez 5 5 15 50 25 43 65 36 85 29 52 42 46 40 4 57 35 30 48 45 43 43 65 38 85 29 58 53 60 40 4 57 35 30 52 45 54 60 55 55 50 35 99 60 75 99
Robert Traylor 5 80 0 15 0 38 56 52 85 5 45 36 47 62 10 57 67 53 46 60 63 38 60 52 85 5 58 39 50 74 10 59 80 60 49 72 74 55 45 75 70 55 99 55 85 99
Bruno Sundov 15 50 0 35 0 33 46 46 85 12 44 34 43 56 17 53 64 56 34 56 57 33 50 47 85 12 55 38 43 56 17 57 74 60 37 67 63 5 65 40 70 80 99 70 70 99
Brian Skinner 10 39 6 45 0 35 60 56 85 1 40 36 43 62 11 50 63 55 43 50 50 35 60 56 85 1 55 36 43 62 11 55 63 58 43 50 60 70 50 60 50 50 99 50 75 99
Tyronn Lue 0 0 15 60 25 41 79 49 85 37 45 56 67 35 4 55 35 30 45 62 64 43 79 51 85 38 54 67 77 35 4 60 42 30 58 74 72 75 50 60 50 60 99 60 85 99
Corey Benjamin 20 10 50 20 0 36 72 42 85 15 46 43 42 52 5 55 50 40 53 60 59 38 72 45 85 15 54 46 53 56 5 59 52 40 57 65 70 75 55 70 65 80 99 65 65 99
Radoslav Nesterovic 8 34 5 53 0 39 55 52 85 3 45 39 40 60 7 50 50 55 40 50 45 39 55 52 85 3 53 39 46 77 7 60 62 70 48 60 64 55 65 54 60 55 99 55 76 99
JR Henderson 5 5 15 50 25 39 76 42 85 32 45 48 53 53 7 64 64 51 41 56 73 44 78 45 85 34 53 48 55 59 7 67 68 52 44 62 76 45 55 95 20 90 99 70 80 99
Sam Jacobson 0 5 15 50 30 44 57 54 85 32 46 45 54 43 7 72 46 35 46 57 65 44 62 54 85 32 53 58 67 43 7 72 49 37 56 62 65 65 60 65 65 65 99 65 65 99
Tyson Wheeler 0 0 30 65 5 40 72 47 85 33 30 52 57 34 14 62 39 35 52 55 65 42 76 50 85 33 53 78 62 38 14 65 44 39 66 62 77 45 45 40 70 30 99 60 60 99
Jahidi White 10 35 5 45 5 32 65 50 85 12 38 35 42 45 14 50 45 50 40 50 30 34 67 53 85 14 52 38 45 65 14 55 63 59 46 50 51 64 58 61 51 59 99 55 75 99
Clayton Shields 5 15 10 40 30 43 80 50 85 30 50 53 42 35 5 62 46 40 44 57 72 43 80 50 85 33 52 57 45 35 5 64 48 50 44 63 80 60 60 90 50 10 99 70 80 99
Jason Williams 0 0 20 35 45 39 75 46 85 33 52 76 60 36 3 63 48 32 74 59 83 40 81 48 85 33 52 87 65 39 3 72 50 32 77 64 90 45 60 65 70 75 99 65 85 99
Keon Clark 10 50 8 32 0 30 65 50 85 5 41 36 39 50 13 50 50 55 40 50 42 30 65 50 85 5 51 36 39 72 13 60 63 72 49 60 42 60 70 60 50 70 99 45 72 99
Ansu Sesay 10 15 10 50 15 35 67 53 85 29 45 33 46 42 13 50 37 38 37 50 43 37 72 57 85 30 50 35 46 52 13 50 42 41 42 50 47 70 50 60 50 55 99 60 35 99
Maceo Basten 5 50 0 30 15 35 62 45 85 15 42 36 43 47 7 58 53 46 42 56 57 36 65 46 85 15 49 42 45 52 7 63 58 46 43 59 63 80 65 80 65 65 99 70 70 99
Michael Doleac 5 50 0 45 0 35 64 47 85 10 47 40 46 62 5 61 66 49 42 60 62 38 67 47 85 10 49 44 52 65 5 63 69 53 44 72 63 64 70 55 85 50 99 70 95 99
Vladimir Stepanija 10 40 10 40 0 36 60 43 85 10 43 45 46 59 12 57 66 47 45 55 73 38 60 43 85 10 49 52 53 59 12 60 70 54 45 58 76 55 50 65 55 40 99 65 76 99
Shammond Williams 0 0 25 30 45 40 73 45 85 36 47 64 65 35 7 58 37 31 40 54 72 41 81 47 85 37 49 64 68 35 7 58 37 31 55 56 81 70 50 5 95 45 99 65 75 99
Tony Battie 5 75 0 20 0 38 67 50 85 16 45 43 54 63 8 62 68 55 50 66 66 39 70 51 85 16 48 48 57 72 8 64 75 62 50 74 70 80 65 75 80 65 99 65 80 99
Jeff Sheppard 10 0 15 40 35 40 64 46 85 33 46 42 56 35 5 55 47 33 45 52 64 41 67 46 85 33 48 50 63 35 5 65 47 33 54 52 72 65 45 70 90 50 99 60 85 99
Tremaine Fowlkes 5 5 25 60 5 29 78 41 85 18 35 32 45 45 13 50 45 31 50 50 40 33 83 47 85 27 47 37 49 55 13 50 51 32 64 50 45 60 50 70 50 75 99 60 80 99
Sean Marks 8 32 5 55 0 29 64 48 85 5 30 31 37 35 8 50 35 41 39 50 42 29 64 48 85 5 47 31 37 48 8 50 50 41 39 50 42 70 50 60 50 30 99 60 75 99
Andrae Patterson 5 15 15 50 15 40 67 38 85 15 42 41 38 52 5 72 58 47 43 63 54 40 72 39 85 15 47 42 46 55 5 76 64 48 48 69 76 30 60 80 15 70 99 70 90 99
Derrick Dial 0 10 20 60 10 40 65 42 85 22 42 35 42 36 7 60 35 42 52 55 64 40 65 42 85 22 45 57 53 36 7 60 35 42 52 55 64 65 55 65 45 65 99 70 90 99
Jelani McCoy 5 46 3 46 0 27 49 50 85 4 45 34 37 52 12 50 55 49 40 50 32 27 49 50 85 4 45 34 37 52 12 50 55 49 40 50 32 55 50 65 50 35 99 50 68 99
Jerome James 15 40 5 40 0 26 61 51 85 1 35 34 36 40 16 50 40 45 41 50 30 26 61 51 85 1 45 34 36 60 16 60 50 65 41 50 30 55 55 60 50 75 99 55 76 99
Ryan Stack 5 45 0 40 10 35 46 39 85 5 42 32 42 53 8 55 57 47 47 53 57 35 46 43 85 5 45 32 44 56 8 55 59 49 47 53 67 45 50 70 70 35 99 60 75 99
Greg Buckner 5 0 25 50 20 38 74 50 85 30 44 37 48 45 6 50 43 33 55 65 52 38 74 50 85 30 44 37 48 45 6 65 43 33 59 85 52 70 50 70 70 30 99 55 80 99
Nate Erdmann 0 10 20 50 20 36 56 35 85 29 40 42 35 43 6 64 34 34 52 55 45 39 65 35 85 29 44 63 46 53 6 67 37 38 57 62 56 55 25 10 45 90 99 65 80 99
Adonal Foyle 10 75 0 15 0 37 43 49 85 5 41 35 35 65 8 58 61 60 43 57 60 39 49 49 85 5 43 38 35 67 8 60 72 62 43 68 64 35 80 90 55 55 99 60 85 99
Saddi Washington 5 0 15 60 20 37 86 44 85 32 34 33 45 42 6 60 38 30 48 56 54 38 86 44 85 32 43 45 49 42 6 65 38 30 48 58 58 45 35 99 70 5 99 60 60 99
Ryan Bowen 3 30 30 36 1 24 71 51 85 21 40 34 57 45 7 50 35 40 45 50 45 24 71 51 85 21 42 34 67 55 7 55 40 40 55 55 60 60 50 60 50 55 99 50 78 99
Rodrick Rhodes 5 0 15 50 30 36 63 41 85 27 34 45 37 38 8 55 43 35 72 57 64 37 65 43 85 30 42 59 56 39 8 62 45 39 82 73 69 60 55 65 55 50 99 65 75 99
Corey Brewer 5 0 10 50 25 36 82 42 85 31 38 47 61 33 2 50 32 37 45 50 72 38 84 43 85 31 40 50 67 35 2 50 34 39 48 50 78 50 80 90 55 35 99 55 95 99
Marcus Saxon 5 0 20 55 20 35 0 48 85 30 34 52 45 30 5 56 30 42 54 57 56 36 0 48 85 30 39 52 45 30 5 56 35 42 74 62 56 45 30 65 20 20 99 40 60 99
Casey Shaw 5 60 0 35 0 28 17 37 85 5 34 28 25 48 3 45 56 37 35 54 35 28 19 39 85 5 38 28 25 52 3 45 60 46 40 59 43 20 20 65 10 10 99 55 35 99
Craig Garner 2 19 14 64 1 30 56 47 85 22 32 32 43 36 20 50 36 32 31 50 48 30 60 46 85 25 38 37 52 43 20 50 43 38 35 50 67 62 47 76 43 30 99 65 76 99
Mirsad Turkcan 5 35 0 50 10 37 55 45 85 5 33 30 47 57 7 62 60 50 42 56 65 38 60 45 85 5 38 43 55 92 7 68 87 52 47 64 74 90 65 5 90 90 99 65 90 99
DeMarco Johnson 5 45 0 50 0 36 43 43 85 10 37 35 32 42 3 55 46 36 40 47 43 37 46 44 85 10 37 35 33 44 3 55 46 36 40 47 43 45 35 45 50 20 99 60 60 99
Toby Bailey 5 25 10 60 0 38 56 39 85 15 35 42 45 42 6 54 44 47 42 58 54 38 63 39 85 15 37 49 50 42 6 54 44 57 56 64 59 60 45 40 30 25 99 55 75 99
Bacari Hendrix 5 40 10 30 15 35 45 38 85 15 36 30 44 46 5 36 44 42 50 55 53 36 45 39 85 15 36 30 44 54 5 38 53 44 55 55 64 40 45 60 30 10 99 65 55 99
Simon Dwight 5 50 5 40 0 36 57 42 85 10 34 33 40 50 4 54 50 45 40 45 55 38 57 42 85 10 34 33 40 50 4 57 55 45 40 60 55 30 50 65 40 30 99 60 70 99
Torraye Braggs 0 70 0 30 0 33 34 42 85 5 30 30 35 35 5 40 35 35 50 55 65 33 34 43 85 5 30 30 35 35 5 50 35 35 55 55 65 60 35 55 55 55 99 65 40 99